,SEQN,Spending_on_nonfood,Spending_on_eating_out,Spending_on_carryout_deliverred,Spending_on_food
0,93703.0,7.393979927306888e-82,0.273972602739726,0.0410958904109589,0.684931506849315
1,93704.0,0.029850746268656716,0.04975124378109453,0.024875621890547265,0.8955223880597015
2,93705.0,1.9140444492673857e-81,0.26595744680851063,0.37943262411347517,0.3546099290780142
3,93706.0,,,,
4,93707.0,0.07401924500370097,0.07401924500370097,0.037009622501850484,0.8149518874907477
5,93708.0,0.1724137931034483,9.306216115403496e-82,9.306216115403496e-82,0.8275862068965518
6,93709.0,0.11764705882352941,0.11764705882352941,1.5875309843923611e-81,0.7647058823529412
7,93710.0,0.16129032258064516,0.06451612903225806,0.06451612903225806,0.7096774193548387
8,93711.0,0.13109596224436287,0.44939695857367595,2.830417067086538e-82,0.4195070791819612
9,93712.0,4.5017559190442266e-82,0.21434528773978315,4.5017559190442266e-82,0.7856547122602169
10,93713.0,9.995565457285237e-82,0.07407407407407407,9.995565457285237e-82,0.9259259259259259
11,93714.0,8.473477781686073e-82,0.40345368916797486,0.09419152276295134,0.5023547880690737
12,93715.0,0.08333333333333333,0.3333333333333333,4.498004455778357e-82,0.5833333333333334
13,93716.0,1.6608016452104701e-81,1.6608016452104701e-81,0.23076923076923078,0.7692307692307693
14,93717.0,0.2,0.2,0.2,0.4
15,93718.0,5.742133347802157e-82,0.2127659574468085,0.0425531914893617,0.7446808510638299
16,93719.0,4.3705306452907107e-82,0.08663967611336032,4.3705306452907107e-82,0.9133603238866397
17,93720.0,0.14285714285714285,0.14285714285714285,7.710864781334326e-82,0.7142857142857143
18,93721.0,0.36363636363636365,4.906913951758207e-81,4.906913951758207e-81,0.6363636363636364
19,93722.0,2.4534569758791035e-81,0.09090909090909091,2.4534569758791035e-81,0.9090909090909091
20,93723.0,0.10344827586206896,0.07758620689655173,9.306216115403496e-82,0.8189655172413793
21,93724.0,0.49992501117333515,2.6984006117758594e-85,2.6984006117758594e-85,0.5000749888266648
22,93725.0,0.09523809523809523,0.15873015873015872,0.23809523809523808,0.5079365079365079
23,93726.0,0.19042316258351893,6.010696377432102e-82,6.010696377432102e-82,0.809576837416481
24,93727.0,1.7992017823113427e-81,1.7992017823113427e-81,1.7992017823113427e-81,1.0
25,93728.0,0.0449438202247191,0.449438202247191,6.064725108914639e-82,0.5056179775280899
26,93729.0,0.0546448087431694,0.0273224043715847,0.04371584699453552,0.8743169398907104
27,93730.0,1.2640761936613648e-81,0.1990632318501171,1.2640761936613648e-81,0.8009367681498829
28,93731.0,0.12077294685990338,0.24154589371980675,6.518847037359937e-82,0.6376811594202898
29,93732.0,0.1891891891891892,0.13513513513513514,2.4313537598801927e-81,0.6756756756756757
30,93733.0,6.815158266330844e-82,0.1893939393939394,6.815158266330844e-82,0.8106060606060606
31,93734.0,0.13953488372093023,0.06976744186046512,5.021028229706073e-82,0.7906976744186046
32,93735.0,4.8496004914052365e-82,0.15363881401617252,4.8496004914052365e-82,0.8463611859838275
33,93736.0,0.3332944489420724,0.3332944489420724,0.3332944489420724,0.0001166531737828991
34,93737.0,1.5875309843923611e-81,0.29411764705882354,0.11764705882352941,0.5882352941176471
35,93738.0,2.378847662817994e-82,0.377699427060379,0.05641251652710445,0.5658880564125165
36,93739.0,0.1977818853974122,0.12939001848428835,4.988544682933482e-82,0.6728280961182995
37,93740.0,2.8864199716224746e-81,2.8864199716224746e-81,2.8864199716224746e-81,1.0
38,93741.0,2.4534569758791036e-82,0.09090909090909091,2.4534569758791036e-82,0.9090909090909091
39,93742.0,0.07633587786259542,0.48854961832061067,0.11450381679389313,0.32061068702290074
40,93743.0,4.505513645187002e-82,0.5358931552587646,0.0709515859766277,0.39315525876460766
41,93744.0,7.424491536360424e-82,0.29436038514442914,7.424491536360424e-82,0.7056396148555708
42,93745.0,6.747006683667535e-82,6.747006683667535e-82,6.747006683667535e-82,1.0
43,93746.0,0.10223642172523961,0.23961661341853036,0.07987220447284345,0.5782747603833865
44,93747.0,8.567627534815917e-82,8.567627534815917e-82,8.567627534815917e-82,1.0
45,93748.0,7.19680712924537e-82,0.06666666666666667,7.19680712924537e-82,0.9333333333333333
46,93749.0,4.028063691741812e-82,0.029850746268656716,4.028063691741812e-82,0.9701492537313433
47,93750.0,2.6252944294426206e-82,0.375,2.6252944294426206e-82,0.625
48,93751.0,0.125,0.075,0.05,0.75
49,93752.0,1.2267284879395517e-81,0.09090909090909091,1.2267284879395517e-81,0.9090909090909091
50,93753.0,0.015825169555388093,0.5327807083647325,4.067524752776208e-82,0.4513941220798794
51,93754.0,8.636168555094445e-82,0.064,0.4112,0.5248
52,93755.0,0.08174386920980926,0.29155313351498635,0.10899182561307902,0.5177111716621253
53,93756.0,,,,
54,93757.0,2.2490022278891783e-81,0.16666666666666666,2.2490022278891783e-81,0.8333333333333334
55,93758.0,2.125041475170877e-81,2.125041475170877e-81,0.11811023622047244,0.8818897637795275
56,93759.0,0.1026378896882494,0.09592326139088729,2.5887795428940182e-82,0.8014388489208633
57,93760.0,,,,
58,93761.0,8.304008226052351e-82,8.304008226052351e-82,8.304008226052351e-82,1.0
59,93762.0,1.0480787081425296e-81,1.0480787081425296e-81,0.02912621359223301,0.970873786407767
60,93763.0,0.08333333333333333,0.3333333333333333,4.203742482035847e-82,0.5833333333333334
61,93764.0,0.12037037037037036,0.046296296296296294,9.995565457285237e-82,0.8333333333333334
62,93765.0,5.1454769751515994e-82,0.08102955195424213,5.1454769751515994e-82,0.9189704480457579
63,93766.0,7.710864781334326e-82,0.21428571428571427,7.710864781334326e-82,0.7857142857142857
64,93767.0,1.0222737399496265e-81,0.07575757575757576,1.0222737399496265e-81,0.9242424242424242
65,93768.0,0.09259259259259259,0.3472222222222222,1.2494456821606545e-81,0.5601851851851852
66,93769.0,0.17627677100494235,0.16474464579901152,4.446132905217486e-82,0.6589785831960461
67,93770.0,0.12690355329949238,0.07614213197969544,1.369950595668535e-81,0.7969543147208122
68,93771.0,5.397605346934028e-82,5.397605346934028e-82,5.397605346934028e-82,1.0
69,93772.0,6.064725108914638e-81,6.064725108914638e-81,6.064725108914638e-81,1.0
70,93773.0,0.08038585209003216,0.41318327974276525,8.677822101180109e-82,0.5064308681672026
71,93774.0,5.997339274371142e-82,0.2222222222222222,5.997339274371142e-82,0.7777777777777777
72,93775.0,1.1733924667247887e-81,0.08695652173913043,0.043478260869565216,0.8695652173913043
73,93776.0,5.742133347802157e-82,0.2127659574468085,0.0425531914893617,0.7446808510638299
74,93777.0,1.741163015140009e-81,0.1935483870967742,1.741163015140009e-81,0.8064516129032258
75,93778.0,5.634243577175394e-82,0.20876826722338204,0.031315240083507306,0.7599164926931106
76,93779.0,2.1242051739213017e-82,0.16843762298307752,0.15741833923652104,0.6741440377804013
77,93780.0,0.0738950276243094,0.2361878453038674,0.06906077348066299,0.6208563535911602
78,93781.0,0.24998750061247,0.24998750061247,0.24998750061247,0.25003749816259
79,93782.0,1.1152077163086835e-81,0.08677685950413223,0.08677685950413223,0.8264462809917356
80,93783.0,5.058674177070317e-82,0.06091846298031865,5.058674177070317e-82,0.9390815370196812
81,93784.0,0.09090909090909091,2.4534569758791035e-81,2.4534569758791035e-81,0.9090909090909091
82,93785.0,3.08434591253373e-81,0.5714285714285714,3.08434591253373e-81,0.42857142857142855
83,93786.0,1.1175166349759893e-81,0.2070393374741201,0.062111801242236024,0.7308488612836439
84,93787.0,5.835249023712463e-82,0.02702702702702703,5.835249023712463e-82,0.972972972972973
85,93788.0,2.2490022278891783e-81,2.2490022278891783e-81,2.2490022278891783e-81,1.0
86,93789.0,0.1773049645390071,0.37943262411347517,9.570222246336929e-82,0.4432624113475177
87,93790.0,5.250588858885241e-82,0.16634241245136186,5.250588858885241e-82,0.8336575875486382
88,93791.0,0.08471892319873317,0.16943784639746634,4.273638437794163e-82,0.7458432304038005
89,93792.0,0.2,0.2,0.2,0.4
90,93793.0,4.200471087108193e-82,4.200471087108193e-82,4.200471087108193e-82,1.0
91,93794.0,1.1994678548742284e-81,0.2222222222222222,0.1111111111111111,0.6666666666666666
92,93795.0,0.0975609756097561,0.12195121951219512,0.04878048780487805,0.7317073170731707
93,93796.0,0.13991769547325103,0.15637860082304528,2.2212367682856084e-81,0.7037037037037037
94,93797.0,0.10940919037199125,0.23413566739606126,0.09299781181619256,0.5634573304157549
95,93798.0,,,,
96,93799.0,0.1111111111111111,1.1994678548742284e-81,1.1994678548742284e-81,0.8888888888888888
97,93800.0,0.06578947368421052,0.2982456140350877,2.367370766199135e-81,0.6359649122807018
98,93801.0,9.986179128086728e-05,0.99861691419076,5.390145385720191e-85,0.0012832240179591445
99,93802.0,1.2379828777371624e-81,1.2379828777371624e-81,0.11697247706422019,0.8830275229357798
100,93803.0,1.349401336733507e-81,0.175,1.349401336733507e-81,0.825
101,93804.0,1.1292061395259472e-81,1.1292061395259472e-81,1.1292061395259472e-81,1.0
102,93805.0,4.906913951758207e-82,0.8181818181818182,4.906913951758207e-82,0.18181818181818182
103,93806.0,8.996008911556714e-82,0.16666666666666666,0.08333333333333333,0.75
104,93807.0,0.09090909090909091,0.2727272727272727,4.906913951758207e-82,0.6363636363636364
105,93808.0,0.15384615384615385,0.3076923076923077,0.02564102564102564,0.5128205128205128
106,93809.0,1.384001371008725e-81,0.15384615384615385,0.07692307692307693,0.7692307692307693
107,93810.0,,,,
108,93811.0,0.08646998982706001,0.21770091556459817,0.21770091556459817,0.47812817904374366
109,93812.0,0.1,0.4,5.397605346934028e-82,0.5
110,93813.0,0.00019976048717587614,0.9988014370769448,9.988024358793807e-05,0.0008989221922914426
111,93814.0,3.409731741588141e-82,0.2160454832596336,0.05369551484523057,0.7302590018951358
112,93815.0,2.4534569758791035e-81,2.4534569758791035e-81,2.4534569758791035e-81,1.0
113,93816.0,0.08311688311688312,0.13896103896103895,0.08311688311688312,0.6948051948051948
114,93817.0,0.11530172413793104,0.3771551724137931,2.9081925360635926e-82,0.5075431034482758
115,93818.0,5.391679890734111e-85,0.9989012075728774,5.391679890734111e-85,0.0010987924271225922
116,93819.0,8.966121838760844e-82,0.14119601328903655,0.27740863787375414,0.5813953488372093
117,93820.0,4.3458980249066247e-82,0.3446054750402576,0.1723027375201288,0.4830917874396135
118,93821.0,2.5364686780705017e-82,0.18796992481203006,0.06015037593984962,0.7518796992481203
119,93822.0,5.265956436033198e-82,0.2926829268292683,0.03902439024390244,0.6682926829268292
120,93823.0,0.09195402298850575,0.3448275862068966,0.04597701149425287,0.5172413793103449
121,93824.0,,,,
122,93825.0,8.304008226052351e-82,0.3076923076923077,8.304008226052351e-82,0.6923076923076923
123,93826.0,0.0625,0.0625,6.747006683667535e-82,0.875
124,93827.0,,,,
125,93828.0,1.1733924667247887e-81,0.13043478260869565,1.1733924667247887e-81,0.8695652173913043
126,93829.0,7.393979927306888e-82,0.1095890410958904,0.0684931506849315,0.821917808219178
127,93830.0,6.663710304856824e-82,0.30864197530864196,0.07407407407407407,0.6172839506172839
128,93831.0,0.25907990314769974,0.07263922518159806,0.048426150121065374,0.6198547215496368
129,93832.0,7.274400737107855e-82,0.2695417789757412,7.274400737107855e-82,0.7304582210242587
130,93833.0,0.2,0.13333333333333333,7.19680712924537e-82,0.6666666666666666
131,93834.0,8.636168555094445e-82,8.636168555094445e-82,0.04,0.96
132,93835.0,,,,
133,93836.0,6.747006683667535e-82,0.125,0.125,0.75
134,93837.0,1.4993348185927856e-81,0.16666666666666666,0.16666666666666666,0.6666666666666666
135,93838.0,,,,
136,93839.0,,,,
137,93840.0,1.0795210693868056e-81,0.2,1.0795210693868056e-81,0.8
138,93841.0,5.997339274371142e-82,0.08333333333333333,0.027777777777777776,0.8888888888888888
139,93842.0,0.14619883040935672,0.12280701754385964,0.05847953216374269,0.672514619883041
140,93843.0,0.03274394237066143,0.11198428290766209,0.08382449246889326,0.7714472822527833
141,93844.0,9.995565457285237e-82,0.037037037037037035,9.995565457285237e-82,0.962962962962963
142,93845.0,0.05514705882352941,0.15735294117647058,0.15735294117647058,0.6301470588235294
143,93846.0,1.1129083189554697e-81,0.20618556701030927,0.10309278350515463,0.6907216494845361
144,93847.0,0.06339144215530904,0.27099841521394613,8.55404967818388e-82,0.6656101426307448
145,93848.0,1.6160495050700683e-81,0.11976047904191617,1.6160495050700683e-81,0.8802395209580839
146,93849.0,2.9176245118562313e-82,0.5405405405405406,2.9176245118562313e-82,0.4594594594594595
147,93850.0,0.06956521739130435,0.14782608695652175,4.693569866899155e-82,0.782608695652174
148,93851.0,0.11655011655011654,0.16317016317016317,0.046620046620046623,0.6736596736596736
149,93852.0,8.433758354584419e-82,0.46875,0.109375,0.421875
150,93853.0,0.09090909090909091,0.18181818181818182,9.813827903516414e-82,0.7272727272727273
151,93854.0,1.7992017823113427e-81,0.5,1.7992017823113427e-81,0.5
152,93855.0,0.5,2.698805372272386e-85,2.698805372272386e-85,0.5
153,93856.0,7.937654921961806e-82,0.22058823529411764,0.04411764705882353,0.7352941176470588
154,93857.0,5.905476309555829e-82,0.23413566739606126,5.905476309555829e-82,0.7658643326039387
155,93858.0,1.7300017137609063e-81,1.7300017137609063e-81,0.1282051282051282,0.8717948717948718
156,93859.0,5.604989976047796e-82,0.3115264797507788,0.08826583592938733,0.6002076843198338
157,93860.0,,,,
158,93861.0,1.2323299878844812e-81,0.07990867579908675,0.0639269406392694,0.8561643835616438
159,93862.0,2.886419971622475e-82,0.3433155080213904,0.09144385026737968,0.5652406417112299
160,93863.0,6.747006683667535e-82,6.747006683667535e-82,6.747006683667535e-82,1.0
161,93864.0,5.365412869715733e-82,5.365412869715733e-82,5.365412869715733e-82,1.0
162,93865.0,5.397605346934028e-82,0.4,0.1,0.5
163,93866.0,0.25,0.25,0.25,0.25
164,93867.0,4.1520041130261753e-82,0.15384615384615385,0.07692307692307693,0.7692307692307693
165,93868.0,6.410457656691245e-82,0.40617577197149646,6.410457656691245e-82,0.5938242280285035
166,93869.0,0.49995000494951,7.499257573500224e-05,2.4997525245000744e-05,0.49995000494951
167,93870.0,4.593706678241726e-82,0.1702127659574468,0.06382978723404255,0.7659574468085106
168,93871.0,1.3664823663124121e-81,0.379746835443038,1.3664823663124121e-81,0.620253164556962
169,93872.0,,,,
170,93873.0,0.1119109947643979,0.13089005235602094,0.13089005235602094,0.6263089005235603
171,93874.0,0.08421052631578947,0.08947368421052632,0.08947368421052632,0.7368421052631579
172,93875.0,9.690494339199332e-82,0.26929982046678635,0.22980251346499103,0.5008976660682226
173,93876.0,3.125422899209049e-82,0.10422698320787492,3.125422899209049e-82,0.8957730167921251
174,93877.0,0.18018967334035826,5.687676867159144e-82,0.05268703898840885,0.767123287671233
175,93878.0,2.5702882604447754e-81,0.047619047619047616,0.023809523809523808,0.9285714285714286
176,93879.0,3.8554323906671627e-81,0.21428571428571427,3.8554323906671627e-81,0.7857142857142857
177,93880.0,3.6008041006898115e-82,0.142761841227485,3.6008041006898115e-82,0.857238158772515
178,93881.0,2.697726280681022e-85,0.4998000797681725,0.4998000797681725,0.00039984046365500165
179,93882.0,1.1994678548742284e-81,0.3333333333333333,0.1111111111111111,0.5555555555555556
180,93883.0,9.46948306479654e-82,0.08771929824561403,0.12280701754385964,0.7894736842105263
181,93884.0,8.705815075700045e-82,0.24193548387096775,0.1935483870967742,0.564516129032258
182,93885.0,4.1520041130261753e-82,0.23076923076923078,4.1520041130261753e-82,0.7692307692307693
183,93886.0,0.23076923076923078,4.1520041130261755e-81,4.1520041130261755e-81,0.7692307692307693
184,93887.0,0.2127659574468085,0.0425531914893617,5.742133347802157e-81,0.7446808510638298
185,93888.0,0.12121212121212122,0.15151515151515152,3.271275967838805e-82,0.7272727272727273
186,93889.0,0.07317073170731707,0.1951219512195122,2.632978218016599e-81,0.7317073170731707
187,93890.0,0.08163265306122448,0.30612244897959184,0.05102040816326531,0.5612244897959184
188,93891.0,1.7986897552943355e-85,0.33323813820998954,0.33323813820998954,0.33352372358002086
189,93892.0,2.159042138773611e-81,2.159042138773611e-81,2.159042138773611e-81,1.0
190,93893.0,0.05959475566150179,0.2550655542312277,0.029797377830750895,0.6555423122765196
191,93894.0,3.9988243456423814e-05,4.4986773888476786e-05,9.997060864105954e-06,0.999905027921791
192,93895.0,0.042105263157894736,0.42105263157894735,0.06315789473684211,0.47368421052631576
193,93896.0,0.04310344827586207,0.1724137931034483,0.06896551724137931,0.7155172413793104
194,93897.0,3.1750619687847222e-81,0.14705882352941177,0.11764705882352941,0.7352941176470589
195,93898.0,8.705815075700045e-82,0.08064516129032258,8.705815075700045e-82,0.9193548387096774
196,93899.0,0.14285714285714285,0.2857142857142857,0.08571428571428572,0.4857142857142857
197,93900.0,9.813827903516414e-82,0.2727272727272727,9.813827903516414e-82,0.7272727272727273
198,93901.0,5.452126613064675e-82,0.10101010101010101,0.04040404040404041,0.8585858585858586
199,93902.0,0.25,0.25,1.349402686136193e-85,0.5
200,93903.0,8.304008226052351e-81,0.46153846153846156,8.304008226052351e-81,0.5384615384615384
201,93904.0,7.102112298597405e-82,0.10526315789473684,0.10526315789473684,0.7894736842105263
202,93905.0,3.175061968784722e-82,0.47058823529411764,3.175061968784722e-82,0.5294117647058824
203,93906.0,0.07407407407407407,0.2222222222222222,3.9982261829140945e-82,0.7037037037037037
204,93907.0,9.813827903516414e-82,0.18181818181818182,9.813827903516414e-82,0.8181818181818181
205,93908.0,9.570222246336929e-82,0.1773049645390071,0.37943262411347517,0.44326241134751776
206,93909.0,9.813827903516414e-82,0.18181818181818182,9.813827903516414e-82,0.8181818181818182
207,93910.0,,,,
208,93911.0,4.906913951758207e-82,0.36363636363636365,0.09090909090909091,0.5454545454545454
209,93912.0,,,,
210,93913.0,0.059880239520958084,0.3844311377245509,0.1281437125748503,0.4275449101796407
211,93914.0,2.9019383585666817e-82,0.43010752688172044,0.03225806451612903,0.5376344086021505
212,93915.0,0.07537688442211055,0.1507537688442211,0.07035175879396985,0.7035175879396984
213,93916.0,5.681689838877924e-82,0.10526315789473684,0.05263157894736842,0.8421052631578947
214,93917.0,8.996008911556714e-82,0.16666666666666666,8.996008911556714e-82,0.8333333333333333
215,93918.0,4.1046428493794886e-82,4.1046428493794886e-82,0.022813688212927757,0.9771863117870723
216,93919.0,5.397605346934028e-82,5.397605346934028e-82,0.1,0.8999999999999999
217,93920.0,7.710864781334326e-82,0.42857142857142855,7.710864781334326e-82,0.5714285714285714
218,93921.0,7.602261052019758e-82,0.08450704225352113,7.602261052019758e-82,0.9154929577464789
219,93922.0,4.273638437794163e-82,0.220110847189232,4.273638437794163e-82,0.779889152810768
220,93923.0,,,,
221,93924.0,0.03389830508474576,0.11864406779661017,1.8296967277742467e-81,0.847457627118644
222,93925.0,0.03597122302158273,0.02877697841726619,7.766338628682055e-82,0.935251798561151
223,93926.0,0.09078014184397164,0.2127659574468085,0.028368794326241134,0.6680851063829787
224,93927.0,6.747006683667535e-82,6.747006683667535e-82,6.747006683667535e-82,1.0
225,93928.0,5.039780902832893e-82,0.19981325863678806,5.039780902832893e-82,0.800186741363212
226,93929.0,0.10526315789473684,0.15789473684210525,0.10526315789473684,0.631578947368421
227,93930.0,,,,
228,93931.0,7.139689612346597e-82,0.07407407407407407,7.139689612346597e-82,0.9259259259259259
229,93932.0,3.175061968784722e-82,0.29411764705882354,0.11764705882352941,0.5882352941176471
230,93933.0,0.10714285714285714,9.638580976667907e-82,9.638580976667907e-82,0.8928571428571429
231,93934.0,0.04437869822485207,0.2529585798816568,7.984623294281106e-82,0.7026627218934911
232,93935.0,1.4993348185927856e-81,0.1111111111111111,0.08333333333333333,0.8055555555555556
233,93936.0,0.03125,0.15625,0.15625,0.65625
234,93937.0,0.0963855421686747,0.24096385542168675,6.503138972209673e-82,0.6626506024096386
235,93938.0,0.1,0.3,5.397605346934028e-82,0.6000000000000001
236,93939.0,1.6867516709168838e-81,0.3125,0.15625,0.53125
237,93940.0,4.593706678241726e-82,0.1702127659574468,0.06382978723404255,0.7659574468085106
238,93941.0,0.12121212121212122,0.15151515151515152,3.271275967838805e-82,0.7272727272727273
239,93942.0,4.177713116822003e-82,0.4969040247678019,0.03869969040247678,0.4643962848297214
240,93943.0,0.17863105175292154,0.10684474123539232,9.011027290374003e-82,0.7145242070116862
241,93944.0,0.09302325581395349,0.1744186046511628,0.03488372093023256,0.6976744186046512
242,93945.0,4.4980044557783565e-81,0.16666666666666666,4.4980044557783565e-81,0.8333333333333333
243,93946.0,0.10471204188481675,0.22338568935427575,0.14834205933682373,0.5235602094240838
244,93947.0,1.0222737399496265e-81,0.1893939393939394,1.0222737399496265e-81,0.8106060606060606
245,93948.0,4.1520041130261753e-82,0.23076923076923078,4.1520041130261753e-82,0.7692307692307693
246,93949.0,5.997339274371142e-82,0.2222222222222222,0.1111111111111111,0.6666666666666666
247,93950.0,7.496674092963928e-82,0.5833333333333334,7.496674092963928e-82,0.4166666666666667
248,93951.0,1.1245011139445891e-81,0.20833333333333334,0.0625,0.7291666666666666
249,93952.0,1.2760296328449238e-81,0.1182033096926714,1.2760296328449238e-81,0.8817966903073287
250,93953.0,1.1994678548742284e-81,0.3333333333333333,1.1994678548742284e-81,0.6666666666666666
251,93954.0,3.5026640797754884e-82,0.41661258922777417,0.11096690460739779,0.472420506164828
252,93955.0,4.4980044557783565e-81,0.16666666666666666,4.4980044557783565e-81,0.8333333333333334
253,93956.0,3.086109403621514e-82,0.2447112635791881,0.1835334476843911,0.5717552887364208
254,93957.0,4.498004455778357e-82,0.25,4.498004455778357e-82,0.75
255,93958.0,4.424266677814777e-82,0.06967213114754098,0.08770491803278689,0.8426229508196722
256,93959.0,2.3467849334495774e-81,0.21739130434782608,0.13043478260869565,0.6521739130434783
257,93960.0,0.297029702970297,1.0688327419671342e-81,0.04950495049504951,0.6534653465346534
258,93961.0,1.542172956266865e-81,0.5714285714285714,1.542172956266865e-81,0.42857142857142855
259,93962.0,2.1002355435540966e-82,0.24980544747081712,0.08326848249027237,0.6669260700389105
260,93963.0,1.8112769620583986e-81,0.08389261744966443,1.8112769620583986e-81,0.9161073825503356
261,93964.0,5.240393540712648e-82,0.0970873786407767,0.02912621359223301,0.8737864077669902
262,93965.0,8.705815075700045e-82,0.16129032258064516,0.08064516129032258,0.7580645161290323
263,93966.0,,0.15384615384615385,8.304008226052351e-82,0.8461538461538463
264,93967.0,0.10101010101010101,0.20202020202020202,0.04040404040404041,0.6565656565656566
265,93968.0,2.698802673467014e-81,0.15,2.698802673467014e-81,0.85
266,93969.0,0.2,0.13333333333333333,7.196807129245371e-81,0.6666666666666666
267,93970.0,6.639120967938534e-82,0.42066420664206644,6.639120967938534e-82,0.5793357933579335
268,93971.0,7.937654921961806e-82,0.17647058823529413,0.08823529411764706,0.7352941176470589
269,93972.0,0.13630573248407643,0.13630573248407643,0.06369426751592357,0.6636942675159235
270,93973.0,6.298255947414268e-82,6.298255947414268e-82,6.298255947414268e-82,1.0
271,93974.0,1.1836853830995675e-81,0.21052631578947367,1.1836853830995675e-81,0.7894736842105263
272,93975.0,0.11538461538461539,0.3076923076923077,0.07692307692307693,0.5
273,93976.0,0.152135231316726,0.2669039145907473,0.08896797153024912,0.4919928825622776
274,93977.0,,,,
275,93978.0,1.9991130914570474e-81,0.5555555555555556,1.9991130914570474e-81,0.4444444444444444
276,93979.0,4.7766418999416175e-82,0.35398230088495575,0.08849557522123894,0.5575221238938054
277,93980.0,0.07651109410864575,0.6557000765110941,4.129766906605989e-82,0.2677888293802601
278,93981.0,,,,
279,93982.0,2.510514114853036e-81,0.06976744186046512,2.510514114853036e-81,0.9302325581395349
280,93983.0,0.08333333333333333,0.08333333333333333,8.996008911556714e-82,0.8333333333333333
281,93984.0,0.11440107671601615,7.264610157380926e-82,0.040376850605652756,0.845222072678331
282,93985.0,5.044490978443017e-82,5.044490978443017e-82,5.044490978443017e-82,1.0
283,93986.0,6.425720651111939e-82,0.05952380952380952,0.023809523809523808,0.9166666666666666
284,93987.0,5.452126613064675e-82,0.10101010101010101,0.04040404040404041,0.8585858585858586
285,93988.0,7.710864781334326e-82,0.14285714285714285,7.710864781334326e-82,0.8571428571428571
286,93989.0,0.035919540229885055,0.46120689655172414,3.87759004808479e-82,0.5028735632183907
287,93990.0,1.349401336733507e-81,0.5,1.349401336733507e-81,0.5
288,93991.0,,,,
289,93992.0,4.3180842775472225e-82,0.4,0.04,0.56
290,93993.0,2.5702882604447754e-81,0.2857142857142857,0.09523809523809523,0.6190476190476191
291,93994.0,0.15503875968992248,0.07751937984496124,0.031007751937984496,0.7364341085271318
292,93995.0,0.04,0.4,0.08,0.48
293,93996.0,3.000336490791566e-82,0.4046692607003891,3.000336490791566e-82,0.5953307392996109
294,93997.0,4.8583306453051554e-82,0.027002700270027002,0.009000900090009001,0.963996399639964
295,93998.0,8.304008226052351e-82,0.07692307692307693,8.304008226052351e-82,0.9230769230769231
296,93999.0,8.636168555094445e-82,0.56,8.636168555094445e-82,0.44
297,94000.0,0.18604651162790697,0.39867109634551495,0.04983388704318937,0.3654485049833887
298,94001.0,,,,
299,94002.0,0.14680483592400692,0.25906735751295334,0.05181347150259067,0.542314335060449
300,94003.0,0.23809523809523808,0.19047619047619047,0.09523809523809523,0.47619047619047616
301,94004.0,0.042328042328042326,0.07936507936507936,0.031746031746031744,0.8465608465608465
302,94005.0,0.07868383404864092,0.08583690987124463,0.0715307582260372,0.7639484978540773
303,94006.0,0.125,0.1875,0.0625,0.625
304,94007.0,2.398935709748457e-81,2.398935709748457e-81,0.1111111111111111,0.8888888888888888
305,94008.0,4.200471087108193e-82,4.200471087108193e-82,4.200471087108193e-82,1.0
306,94009.0,0.09995329285380664,0.2998598785614199,2.521067420333502e-82,0.6001868285847735
307,94010.0,1.349401336733507e-81,1.349401336733507e-81,1.349401336733507e-81,1.0
308,94011.0,0.09090909090909091,0.2727272727272727,0.09090909090909091,0.5454545454545454
309,94012.0,0.15492957746478872,0.28169014084507044,1.5204522104039516e-81,0.5633802816901409
310,94013.0,5.087281194094277e-82,0.13195098963242224,5.087281194094277e-82,0.8680490103675778
311,94014.0,0.0625,0.1875,3.3735033418337675e-82,0.75
312,94015.0,0.17647058823529413,0.11764705882352941,6.350123937569444e-82,0.7058823529411765
313,94016.0,7.996452365828189e-82,0.1111111111111111,7.996452365828189e-82,0.8888888888888888
314,94017.0,0.1297016861219196,0.13878080415045396,0.08300907911802853,0.648508430609598
315,94018.0,5.092080515975498e-82,0.1509433962264151,5.092080515975498e-82,0.8490566037735849
316,94019.0,0.16666666666666666,0.25,8.996008911556714e-82,0.5833333333333334
317,94020.0,0.01675977653631285,0.22346368715083798,6.030843963054779e-82,0.7597765363128491
318,94021.0,2.698802673467014e-81,0.1,2.698802673467014e-81,0.9
319,94022.0,6.30561372305377e-82,0.17523364485981308,0.07476635514018691,0.75
320,94023.0,2.698802673467014e-81,0.25,2.698802673467014e-81,0.75
321,94024.0,1.0184161031950996e-81,0.1509433962264151,1.0184161031950996e-81,0.8490566037735849
322,94025.0,7.710864781334326e-82,0.2857142857142857,7.710864781334326e-82,0.7142857142857143
323,94026.0,,,,
324,94027.0,0.10572139303482588,0.10572139303482588,6.713439486236353e-82,0.7885572139303483
325,94028.0,6.350123937569444e-82,0.35294117647058826,0.058823529411764705,0.5882352941176471
326,94029.0,0.11494252873563218,0.22988505747126436,0.022988505747126436,0.632183908045977
327,94030.0,6.350123937569444e-82,0.23529411764705882,0.058823529411764705,0.7058823529411765
328,94031.0,2.855875844938639e-81,0.26455026455026454,0.3386243386243386,0.3968253968253968
329,94032.0,0.03915426781519186,0.16758026624902114,0.13390759592795615,0.6593578700078309
330,94033.0,0.14697802197802198,0.20604395604395603,3.707146529487657e-82,0.6469780219780219
331,94034.0,5.058674177070317e-82,0.06091846298031865,5.058674177070317e-82,0.9390815370196812
332,94035.0,8.304008226052351e-82,8.304008226052351e-82,8.304008226052351e-82,1.0
333,94036.0,0.21201413427561838,3.814562082638889e-82,0.01060070671378092,0.7773851590106007
334,94037.0,7.559671354249339e-82,0.29971988795518206,7.559671354249339e-82,0.7002801120448179
335,94038.0,7.353685758765705e-82,0.2997275204359673,7.353685758765705e-82,0.7002724795640327
336,94039.0,4.250082950341754e-82,0.23622047244094488,4.250082950341754e-82,0.7637795275590551
337,94040.0,,,,
338,94041.0,0.03508771929824561,0.2631578947368421,0.08771929824561403,0.6140350877192982
339,94042.0,1.3006277944419345e-81,0.0963855421686747,0.060240963855421686,0.8433734939759037
340,94043.0,4.3215415107558267e-82,0.5140112089671738,0.08566853482786228,0.400320256204964
341,94044.0,2.378847662817994e-82,0.377699427060379,0.05641251652710445,0.5658880564125165
342,94045.0,2.998669637185571e-81,0.5555555555555556,2.998669637185571e-81,0.4444444444444444
343,94046.0,1.2267284879395517e-81,0.09090909090909091,1.2267284879395517e-81,0.9090909090909091
344,94047.0,0.15,0.2,5.397605346934028e-82,0.65
345,94048.0,0.07407407407407407,0.18518518518518517,3.998226182914095e-81,0.7407407407407407
346,94049.0,1.2267284879395517e-81,0.13636363636363635,0.06818181818181818,0.7954545454545454
347,94050.0,1.741163015140009e-81,1.741163015140009e-81,1.741163015140009e-81,1.0
348,94051.0,0.0915032679738562,0.026143790849673203,1.175948877327675e-81,0.8823529411764707
349,94052.0,8.304008226052351e-82,8.304008226052351e-82,8.304008226052351e-82,1.0
350,94053.0,4.1520041130261753e-82,0.07692307692307693,4.1520041130261753e-82,0.9230769230769231
351,94054.0,5.651942771658669e-82,0.07853403141361257,0.031413612565445025,0.8900523560209423
352,94055.0,7.3838650436854e-82,0.08207934336525308,0.06839945280437756,0.8495212038303693
353,94056.0,3.9982261829140945e-82,0.2962962962962963,0.07407407407407407,0.6296296296296295
354,94057.0,0.1276595744680851,2.296853339120863e-81,0.0851063829787234,0.7872340425531915
355,94058.0,1.665927576214206e-81,0.030864197530864196,1.665927576214206e-81,0.9691358024691359
356,94059.0,1.0380010282565439e-81,1.0380010282565439e-81,0.09615384615384616,0.9038461538461537
357,94060.0,0.06392045454545454,0.09943181818181818,7.667053049622199e-82,0.8366477272727273
358,94061.0,1.349401336733507e-81,1.349401336733507e-81,1.349401336733507e-81,1.0
359,94062.0,0.08539026017344896,0.342895263509006,3.6008041006898115e-82,0.571714476317545
360,94063.0,8.705815075700045e-82,0.03225806451612903,8.705815075700045e-82,0.967741935483871
361,94064.0,0.09090909090909091,0.18181818181818182,9.813827903516414e-82,0.7272727272727273
362,94065.0,0.17142857142857143,0.14285714285714285,0.11428571428571428,0.5714285714285714
363,94066.0,4.9977827286426186e-82,0.09259259259259259,0.027777777777777776,0.8796296296296295
364,94067.0,0.05497526113249038,0.23529411764705882,2.967347634378245e-82,0.7097306212204507
365,94068.0,0.22077922077922077,0.5194805194805194,1.4019754147880592e-81,0.2597402597402597
366,94069.0,0.08928571428571429,0.10714285714285714,9.638580976667907e-82,0.8035714285714286
367,94070.0,7.496674092963928e-82,0.2777777777777778,7.496674092963928e-82,0.7222222222222222
368,94071.0,7.710864781334326e-82,0.14285714285714285,7.710864781334326e-82,0.8571428571428572
369,94072.0,9.638580976667907e-82,0.10714285714285714,9.638580976667907e-82,0.8928571428571429
370,94073.0,9.778270556039906e-82,9.778270556039906e-82,0.014492753623188406,0.9855072463768116
371,94074.0,0.1267427122940431,0.38022813688212925,0.1267427122940431,0.36628643852978454
372,94075.0,8.056127383483624e-82,0.14925373134328357,8.056127383483624e-82,0.8507462686567164
373,94076.0,0.09532888465204957,0.16301239275500476,0.12202097235462345,0.6196377502383221
374,94077.0,0.21428571428571427,0.07142857142857142,1.9277161953335813e-81,0.7142857142857143
375,94078.0,,,,
376,94079.0,4.3954440935944854e-82,0.1742671009771987,0.1742671009771987,0.6514657980456027
377,94080.0,1.0380010282565439e-81,0.057692307692307696,0.17307692307692307,0.7692307692307693
378,94081.0,0.14184397163120568,0.28368794326241137,0.0425531914893617,0.5319148936170213
379,94082.0,0.2511737089201878,0.0782472613458529,4.223478362233199e-82,0.6705790297339593
380,94083.0,5.729941981883257e-82,0.09023354564755838,5.729941981883257e-82,0.9097664543524416
381,94084.0,1.1994678548742284e-81,1.1994678548742284e-81,1.1994678548742284e-81,1.0
382,94085.0,3.1750619687847222e-81,0.14705882352941177,0.08823529411764706,0.7647058823529411
383,94086.0,0.04938271604938271,1.332742060971365e-81,1.332742060971365e-81,0.9506172839506173
384,94087.0,2.5702882604447754e-81,0.3333333333333333,0.19047619047619047,0.47619047619047616
385,94088.0,0.07692307692307693,0.15384615384615385,4.1520041130261753e-82,0.7692307692307693
386,94089.0,1.1245011139445891e-81,0.03125,0.03125,0.9375
387,94090.0,6.350123937569444e-82,0.47058823529411764,0.23529411764705882,0.29411764705882354
388,94091.0,4.203742482035847e-82,0.3333333333333333,4.203742482035847e-82,0.6666666666666666
389,94092.0,8.407484964071694e-82,0.5327102803738317,8.407484964071694e-82,0.4672897196261682
390,94093.0,4.665173160703568e-82,0.25929127052722556,4.665173160703568e-82,0.7407087294727744
391,94094.0,0.1724137931034483,0.10344827586206896,7.444972892322797e-82,0.7241379310344828
392,94095.0,8.996008911556713e-81,8.996008911556713e-81,8.996008911556713e-81,1.0
393,94096.0,0.33331111257027457,3.3331144588172046e-05,3.3331144588172046e-05,0.6666222251405491
394,94097.0,0.17647058823529413,0.11764705882352941,6.350123937569444e-82,0.7058823529411765
395,94098.0,1.0795210693868056e-81,1.0795210693868056e-81,0.4,0.6
396,94099.0,5.393727257036219e-85,0.9992805173080556,1.998563033179144e-05,0.0006994970616127005
397,94100.0,6.004010397034514e-82,0.19021134593993325,0.23804226918798665,0.5717463848720801
398,94101.0,1.0032723693185925e-81,0.1579925650557621,0.046468401486988845,0.7955390334572491
399,94102.0,5.396936126854298e-85,3.999504061496374e-05,5.396936126854298e-85,0.999960004959385
400,94103.0,0.059490084985835696,0.0708215297450425,0.03541076487252125,0.8342776203966006
401,94104.0,2.1368192188970814e-82,0.16943784639746634,0.06769596199524941,0.7628661916072843
402,94105.0,0.12077294685990338,0.24154589371980675,6.518847037359937e-82,0.6376811594202898
403,94106.0,9.9038630218973e-82,0.27522935779816515,0.045871559633027525,0.6788990825688074
404,94107.0,1.2851441302223877e-81,0.23809523809523808,0.047619047619047616,0.7142857142857143
405,94108.0,2.9495111185431846e-81,0.34972677595628415,2.9495111185431846e-81,0.6502732240437159
406,94109.0,8.636168555094445e-82,8.636168555094445e-82,0.04,0.96
407,94110.0,6.991716770639933e-82,0.16839378238341968,6.991716770639933e-82,0.8316062176165804
408,94111.0,0.14285714285714285,7.710864781334326e-82,7.710864781334326e-82,0.8571428571428572
409,94112.0,3.212860325555969e-82,0.11904761904761904,0.047619047619047616,0.8333333333333333
410,94113.0,4.294037666614183e-82,0.11933174224343675,0.03977724741447892,0.8408910103420844
411,94114.0,0.12658227848101267,0.08860759493670886,0.1518987341772152,0.6329113924050633
412,94115.0,0.145985401459854,0.029197080291970802,0.0364963503649635,0.7883211678832116
413,94116.0,0.23585598824393827,0.06245407788390889,0.03085966201322557,0.6708302718589273
414,94117.0,8.304008226052351e-82,8.304008226052351e-82,0.13846153846153847,0.8615384615384616
415,94118.0,0.1,0.1,5.397605346934028e-82,0.8
416,94119.0,0.058823529411764705,0.049019607843137254,0.058823529411764705,0.8333333333333334
417,94120.0,1.0380010282565439e-81,0.038461538461538464,1.0380010282565439e-81,0.9615384615384616
418,94121.0,5.092080515975498e-82,0.05660377358490566,5.092080515975498e-82,0.9433962264150944
419,94122.0,1.0795210693868056e-81,0.4,1.0795210693868056e-81,0.6
420,94123.0,,,,
421,94124.0,3.000336490791566e-82,0.3096164535853252,3.000336490791566e-82,0.6903835464146748
422,94125.0,9.071605625099207e-82,0.10084033613445378,9.071605625099207e-82,0.8991596638655462
423,94126.0,1.4828586117950627e-81,0.29395604395604397,0.29395604395604397,0.41208791208791207
424,94127.0,2.2949002325399778e-82,0.06377551020408163,0.025510204081632654,0.9107142857142857
425,94128.0,1.1994678548742284e-81,0.2222222222222222,1.1994678548742284e-81,0.7777777777777777
426,94129.0,6.365100644969372e-82,0.1179245283018868,0.02358490566037736,0.8584905660377358
427,94130.0,0.08333333333333333,1.4993348185927856e-81,0.08333333333333333,0.8333333333333334
428,94131.0,5.681689838877924e-82,0.10526315789473684,0.15789473684210525,0.7368421052631579
429,94132.0,2.9176245118562313e-82,0.13513513513513514,0.10810810810810811,0.7567567567567568
430,94133.0,4.223478362233199e-82,0.19561815336463223,4.223478362233199e-82,0.8043818466353678
431,94134.0,0.12,0.08,4.3180842775472225e-82,0.8
432,94135.0,6.747006683667535e-82,0.125,6.747006683667535e-82,0.875
433,94136.0,7.19680712924537e-82,0.2,7.19680712924537e-82,0.8
434,94137.0,0.06956521739130435,0.14782608695652175,4.693569866899155e-82,0.782608695652174
435,94138.0,1.2267284879395517e-81,0.045454545454545456,1.2267284879395517e-81,0.9545454545454545
436,94139.0,1.8112769620583986e-81,0.14093959731543623,1.8112769620583986e-81,0.8590604026845637
437,94140.0,1.0380010282565439e-81,1.0380010282565439e-81,0.09615384615384616,0.9038461538461537
438,94141.0,0.12408759124087591,0.291970802919708,7.879715834940186e-82,0.583941605839416
439,94142.0,0.125,0.25,0.0625,0.5625
440,94143.0,0.142761841227485,0.08539026017344896,3.6008041006898115e-82,0.771847898599066
441,94144.0,0.16,0.16,4.3180842775472225e-82,0.6799999999999999
442,94145.0,7.710864781334326e-82,0.2857142857142857,7.710864781334326e-82,0.7142857142857143
443,94146.0,1.542172956266865e-81,0.05714285714285714,1.542172956266865e-81,0.9428571428571428
444,94147.0,,,,
445,94148.0,3.3175201886502935e-82,0.26306084818684694,3.3175201886502935e-82,0.736939151813153
446,94149.0,0.12658227848101267,0.08860759493670886,0.1518987341772152,0.6329113924050633
447,94150.0,2.998669637185571e-81,0.3333333333333333,2.998669637185571e-81,0.6666666666666667
448,94151.0,0.13333333333333333,0.5333333333333333,7.19680712924537e-82,0.3333333333333333
449,94152.0,1.1245011139445891e-81,1.1245011139445891e-81,0.16666666666666666,0.8333333333333334
450,94153.0,0.16574585635359115,0.04419889502762431,0.04419889502762431,0.7458563535911602
451,94154.0,0.14285714285714285,0.14285714285714285,1.542172956266865e-81,0.7142857142857143
452,94155.0,3.2224509533934495e-82,0.3582089552238806,0.23880597014925373,0.40298507462686567
453,94156.0,0.1111111111111111,0.14814814814814814,1.9991130914570474e-81,0.7407407407407407
454,94157.0,0.03614457831325301,0.24096385542168675,6.503138972209673e-82,0.7228915662650603
455,94158.0,0.2,0.2,0.2,0.4
456,94159.0,6.630964799673253e-82,0.2628992628992629,6.630964799673253e-82,0.7371007371007371
457,94160.0,7.710864781334326e-82,0.2857142857142857,7.710864781334326e-82,0.7142857142857143
458,94161.0,1.261122744610754e-81,1.261122744610754e-81,1.261122744610754e-81,1.0
459,94162.0,6.410457656691245e-82,0.25415676959619954,6.410457656691245e-82,0.7458432304038005
460,94163.0,7.710864781334326e-82,0.2857142857142857,7.710864781334326e-82,0.7142857142857143
461,94164.0,1.1994678548742284e-81,0.1111111111111111,1.1994678548742284e-81,0.8888888888888888
462,94165.0,7.294061279640579e-82,0.20270270270270271,0.05405405405405406,0.7432432432432432
463,94166.0,9.813827903516414e-82,0.5454545454545454,0.18181818181818182,0.2727272727272727
464,94167.0,0.02857142857142857,0.11428571428571428,0.11428571428571428,0.7428571428571429
465,94168.0,2.698578691435625e-85,0.4999580034857107,0.4999580034857107,8.399302857862797e-05
466,94169.0,2.632978218016599e-82,0.4878048780487805,0.12195121951219512,0.3902439024390244
467,94170.0,,,,
468,94171.0,2.159042138773611e-81,2.159042138773611e-81,2.159042138773611e-81,1.0
469,94172.0,0.1111111111111111,0.07407407407407407,3.9982261829140945e-82,0.8148148148148148
470,94173.0,0.20023419203747073,0.14988290398126464,0.04918032786885246,0.6007025761124122
471,94174.0,0.142761841227485,3.6008041006898115e-82,3.6008041006898115e-82,0.857238158772515
