,SEQN,Spending_on_nonfood,Spending_on_eating_out,Spending_on_carryout_deliverred,Spending_on_food
0,83732.0,0.06593406593406594,0.27472527472527475,1.18628688943605e-81,0.6593406593406593
1,83733.0,1.8612432230806992e-81,0.13793103448275862,1.8612432230806992e-81,0.8620689655172414
2,83734.0,0.16666666666666666,1.1245011139445891e-81,1.1245011139445891e-81,0.8333333333333334
3,83735.0,0.14285714285714285,0.07142857142857142,7.710864781334326e-82,0.7857142857142857
4,83736.0,1.0795210693868056e-81,0.4,1.0795210693868056e-81,0.6
5,83737.0,7.19680712924537e-82,0.4,7.19680712924537e-82,0.6
6,83738.0,1.090425322612935e-81,0.050505050505050504,1.090425322612935e-81,0.9494949494949495
7,83739.0,7.710864781334326e-82,0.07142857142857142,0.07142857142857142,0.8571428571428572
8,83740.0,1.0795210693868056e-81,1.0795210693868056e-81,1.0795210693868056e-81,1.0
9,83741.0,5.39491328520471e-85,0.9995002493755616,5.39491328520471e-85,0.0004997506244384053
10,83742.0,0.10552268244575937,0.04930966469428008,5.323082196187404e-82,0.8451676528599605
11,83743.0,3.152806861526885e-82,0.375,3.152806861526885e-82,0.625
12,83744.0,0.05561735261401557,0.28587319243604004,0.11902113459399333,0.5394883203559511
13,83745.0,1.7581776374377942e-81,1.7581776374377942e-81,1.7581776374377942e-81,1.0
14,83746.0,5.392757258158942e-85,0.9991008083732724,9.9910180747508e-05,0.000799281445980064
15,83747.0,0.08064516129032258,2.176453768925011e-81,0.11290322580645161,0.8064516129032258
16,83748.0,1.0184161031950996e-81,0.11320754716981132,0.1320754716981132,0.7547169811320755
17,83749.0,0.11169170476812541,0.2795558458523841,0.04898758981058132,0.5597648595689092
18,83750.0,1.7027146204839204e-81,0.0946372239747634,0.0946372239747634,0.8107255520504731
19,83751.0,1.349401336733507e-81,0.25,1.349401336733507e-81,0.75
20,83752.0,0.10714285714285714,0.26785714285714285,0.26785714285714285,0.35714285714285715
21,83753.0,0.21505376344086022,0.1935483870967742,0.053763440860215055,0.5376344086021505
22,83754.0,5.997339274371142e-82,0.2222222222222222,5.997339274371142e-82,0.7777777777777777
23,83755.0,0.08571428571428572,0.17142857142857143,0.11428571428571428,0.6285714285714286
24,83756.0,8.996008911556714e-82,0.16666666666666666,8.996008911556714e-82,0.8333333333333334
25,83757.0,1.0795210693868056e-81,0.1,1.0795210693868056e-81,0.9
26,83758.0,0.08333333333333333,0.08333333333333333,8.996008911556714e-82,0.8333333333333334
27,83759.0,0.0898876404494382,0.11235955056179775,0.06741573033707865,0.7303370786516854
28,83760.0,2.957591970922755e-82,0.21095890410958903,0.021917808219178082,0.7671232876712328
29,83761.0,6.31298870986436e-82,0.2,0.4,0.4
30,83762.0,6.350123937569444e-82,0.11764705882352941,0.17647058823529413,0.7058823529411765
31,83763.0,0.0946073793755913,0.0946073793755913,5.1065329677710765e-82,0.8107852412488175
32,83764.0,5.135685391944841e-82,0.16270218839200762,5.135685391944841e-82,0.8372978116079923
33,83765.0,0.21428571428571427,7.710864781334326e-82,0.14285714285714285,0.6428571428571428
34,83766.0,2.76800274201745e-82,0.2564102564102564,0.02564102564102564,0.717948717948718
35,83767.0,5.3897040408102e-85,0.0009406210495413723,0.00012481701825124366,0.9989345619322074
36,83768.0,6.920006855043625e-82,0.1282051282051282,0.038461538461538464,0.8333333333333334
37,83769.0,3.8199613212555047e-82,0.09058740268931352,3.8199613212555047e-82,0.9094125973106866
38,83770.0,0.1282051282051282,0.07692307692307693,0.0641025641025641,0.7307692307692307
39,83771.0,,,,
40,83772.0,8.996008911556714e-82,8.996008911556714e-82,8.996008911556714e-82,1.0
41,83773.0,0.2222222222222222,0.1111111111111111,5.997339274371142e-82,0.6666666666666666
42,83774.0,4.3180842775472225e-82,0.08,0.04,0.8800000000000001
43,83775.0,8.495650227083733e-05,0.9994872625215889,5.39484318722217e-85,0.0004277809761402162
44,83776.0,0.10439024390243902,0.3902439024390244,0.03902439024390244,0.4663414634146341
45,83777.0,7.19680712924537e-82,0.06666666666666667,7.19680712924537e-82,0.9333333333333333
46,83778.0,1.0795210693868056e-81,0.3,0.2,0.5
47,83779.0,4.880294165401472e-82,0.03164556962025317,4.880294165401472e-82,0.9683544303797469
48,83780.0,7.19680712924537e-82,0.4,7.19680712924537e-82,0.6
49,83781.0,0.057971014492753624,1.9556541112079811e-81,1.9556541112079811e-81,0.9420289855072465
50,83782.0,8.304008226052351e-82,0.07692307692307693,8.304008226052351e-82,0.9230769230769231
51,83783.0,0.03790613718411552,0.5794223826714802,0.04512635379061372,0.33754512635379064
52,83784.0,,,,
53,83785.0,0.06675567423230974,0.2857142857142857,0.11348464619492657,0.5340453938584779
54,83786.0,0.13043478260869565,0.17391304347826086,9.38713973379831e-82,0.6956521739130435
55,83787.0,0.49992751043849687,2.9995680621990432e-05,1.4997840310995216e-05,0.5000274960405702
56,83788.0,0.07936507936507936,0.12698412698412698,1.4279379224693195e-81,0.7936507936507936
57,83789.0,0.009819967266775777,0.024549918166939442,8.834051304311012e-83,0.9656301145662848
58,83790.0,1.9699289587350466e-81,0.09124087591240876,0.09124087591240876,0.8175182481751825
59,83791.0,0.16569200779727095,1.0521647849773933e-81,1.0521647849773933e-81,0.834307992202729
60,83792.0,9.242474909133609e-82,0.17123287671232876,0.03424657534246575,0.7945205479452055
61,83793.0,0.2505854800936768,0.0702576112412178,6.320380968306824e-82,0.6791569086651054
62,83794.0,0.10064743967039436,0.15126545026486168,3.176930751579769e-82,0.7480871100647439
63,83795.0,0.05263157894736842,0.3157894736842105,5.681689838877924e-82,0.631578947368421
64,83796.0,0.14201183431952663,0.3076923076923077,3.1938493177124426e-82,0.5502958579881657
65,83797.0,4.693569866899155e-82,0.2608695652173913,0.13043478260869565,0.6086956521739131
66,83798.0,0.06934812760055478,0.29680998613037446,0.14840499306518723,0.4854368932038835
67,83799.0,5.1065329677710765e-82,0.0946073793755913,0.0946073793755913,0.8107852412488175
68,83800.0,0.07848568790397045,0.15789473684210525,0.07848568790397045,0.6851338873499538
69,83801.0,0.9990588855886611,0.00034167848054980263,5.392530975286283e-85,0.0005994359307891274
70,83802.0,,,,
71,83803.0,0.09162303664921466,0.3010471204188482,0.10471204188481675,0.5026178010471205
72,83804.0,0.2,0.2,0.2,0.4
73,83805.0,1.0795210693868056e-81,0.2,0.2,0.6
74,83806.0,1.0795210693868056e-81,0.1,1.0795210693868056e-81,0.9
75,83807.0,5.1113686997481326e-82,0.4053030303030303,5.1113686997481326e-82,0.5946969696969697
76,83808.0,5.1405765208895504e-82,0.19047619047619047,0.047619047619047616,0.7619047619047619
77,83809.0,0.07692307692307693,0.15384615384615385,8.304008226052351e-82,0.7692307692307693
78,83810.0,0.06818181818181818,0.18181818181818182,0.09090909090909091,0.6590909090909091
79,83811.0,2.3777997123057393e-82,0.09427312775330396,0.05638766519823789,0.8493392070484582
80,83812.0,0.2,0.3,5.397605346934028e-82,0.5
81,83813.0,2.2490022278891783e-81,0.16666666666666666,2.2490022278891783e-81,0.8333333333333334
82,83814.0,0.12605042016806722,0.08403361344537816,0.03361344537815126,0.7563025210084033
83,83815.0,4.4645205516410487e-82,0.007444168734491315,4.4645205516410487e-82,0.9925558312655087
84,83816.0,0.0625,1.6867516709168838e-81,1.6867516709168838e-81,0.9375
85,83817.0,7.710864781334326e-82,0.07142857142857142,0.07142857142857142,0.8571428571428572
86,83818.0,0.13043478260869565,2.3467849334495774e-81,2.3467849334495774e-81,0.8695652173913043
87,83819.0,1.0583539895949074e-81,0.1568627450980392,0.058823529411764705,0.7843137254901961
88,83820.0,0.17540983606557378,0.12295081967213115,4.424266677814777e-82,0.7016393442622951
89,83821.0,0.03636363636363636,2.4534569758791035e-81,2.4534569758791035e-81,0.9636363636363636
90,83822.0,1.1015521116191895e-81,0.1326530612244898,1.1015521116191895e-81,0.8673469387755102
91,83823.0,1.7992017823113427e-81,1.7992017823113427e-81,1.7992017823113427e-81,1.0
92,83824.0,0.07540394973070018,0.05385996409335727,9.690494339199332e-82,0.8707360861759426
93,83825.0,6.875930378259908e-82,0.3273885350318471,6.875930378259908e-82,0.6726114649681528
94,83826.0,3.3154823998366264e-82,3.3154823998366264e-82,3.3154823998366264e-82,1.0
95,83827.0,1.6356379839194024e-81,0.24242424242424243,0.24242424242424243,0.5151515151515151
96,83828.0,3.855432390667163e-82,0.14285714285714285,3.855432390667163e-82,0.8571428571428571
97,83829.0,8.304008226052351e-82,0.38461538461538464,8.304008226052351e-82,0.6153846153846154
98,83830.0,0.08,0.12,8.636168555094445e-82,0.8
99,83831.0,0.10909090909090909,0.02727272727272727,4.906913951758207e-82,0.8636363636363636
100,83832.0,4.7851111231684643e-82,0.37943262411347517,4.7851111231684643e-82,0.6205673758865248
101,83833.0,1.1994678548742284e-81,0.2222222222222222,1.1994678548742284e-81,0.7777777777777777
102,83834.0,3.4600034275218126e-81,0.09615384615384616,0.10256410256410256,0.8012820512820513
103,83835.0,7.496674092963928e-82,0.08333333333333333,0.08333333333333333,0.8333333333333333
104,83836.0,8.996008911556714e-82,0.5,0.16666666666666666,0.3333333333333333
105,83837.0,0.07692307692307693,0.15384615384615385,0.038461538461538464,0.7307692307692308
106,83838.0,1.0184161031950996e-81,0.07547169811320754,0.018867924528301886,0.9056603773584906
107,83839.0,0.12090395480225989,0.14124293785310735,0.02824858757062147,0.7096045197740113
108,83840.0,0.01639344262295082,0.15368852459016394,1.1060666694536943e-81,0.8299180327868853
109,83841.0,0.1111111111111111,0.1111111111111111,5.997339274371142e-82,0.7777777777777778
110,83842.0,7.800007726783277e-82,0.07225433526011561,7.800007726783277e-82,0.9277456647398844
111,83843.0,0.04794520547945205,0.136986301369863,1.2323299878844812e-81,0.815068493150685
112,83844.0,4.7851111231684643e-82,0.37943262411347517,4.7851111231684643e-82,0.6205673758865248
113,83845.0,3.9982261829140945e-82,0.037037037037037035,0.037037037037037035,0.9259259259259259
114,83846.0,,,,
115,83847.0,6.425720651111939e-82,0.4166666666666667,0.03571428571428571,0.5476190476190476
116,83848.0,0.12,0.24,8.636168555094445e-82,0.64
117,83849.0,1.349401336733507e-81,0.05,1.349401336733507e-81,0.95
118,83850.0,0.038461538461538464,0.2564102564102564,0.0641025641025641,0.641025641025641
119,83851.0,1.542172956266865e-81,0.14285714285714285,1.542172956266865e-81,0.8571428571428571
120,83852.0,0.06240822320117474,0.2936857562408223,0.014684287812041116,0.6292217327459618
121,83853.0,6.663710304856824e-82,0.49382716049382713,0.07407407407407407,0.43209876543209874
122,83854.0,0.18064153066966798,0.24085537422622397,0.09622960045019696,0.48227349465391106
123,83855.0,0.08928571428571429,0.08928571428571429,0.08928571428571429,0.7321428571428572
124,83856.0,0.02097902097902098,0.3146853146853147,0.06993006993006994,0.5944055944055944
125,83857.0,0.06976744186046512,0.23255813953488372,6.27628528713259e-82,0.6976744186046512
126,83858.0,5.391146753123786e-85,0.9988024346832495,5.391146753123786e-85,0.001197565316750533
127,83859.0,7.710864781334326e-82,7.710864781334326e-82,7.710864781334326e-82,1.0
128,83860.0,5.610816368954291e-82,0.4158004158004158,0.12474012474012475,0.4594594594594595
129,83861.0,1.7135255069631835e-81,0.6349206349206349,1.7135255069631835e-81,0.36507936507936506
130,83862.0,4.9940520839679944e-05,9.988104167935989e-05,0.998809417983182,0.00104076045429893
131,83863.0,0.0975609756097561,0.3902439024390244,0.024390243902439025,0.4878048780487805
132,83864.0,1.6356379839194024e-81,0.09090909090909091,1.6356379839194024e-81,0.9090909090909091
133,83865.0,0.12836970474967907,0.005134788189987163,0.0962772785622593,0.7702182284980745
134,83866.0,1.0882268844625056e-81,0.3024193548387097,0.05040322580645161,0.6471774193548387
135,83867.0,0.11502029769959404,0.13531799729364005,0.04059539918809202,0.7090663058186739
136,83868.0,0.06019830028328612,0.21246458923512748,0.08498583569405099,0.6423512747875354
137,83869.0,5.344163709835671e-81,0.297029702970297,0.2079207920792079,0.49504950495049505
138,83870.0,1.2851441302223877e-81,0.2857142857142857,1.2851441302223877e-81,0.7142857142857143
139,83871.0,3.855432390667163e-82,0.2857142857142857,3.855432390667163e-82,0.7142857142857143
140,83872.0,0.14925373134328357,0.04477611940298507,0.022388059701492536,0.7835820895522388
141,83873.0,2.3777997123057393e-82,0.09427312775330396,0.05638766519823789,0.8493392070484582
142,83874.0,1.1733924667247887e-81,0.13043478260869565,1.1733924667247887e-81,0.8695652173913043
143,83875.0,5.681689838877924e-82,0.10526315789473684,0.05263157894736842,0.8421052631578947
144,83876.0,0.08571428571428572,0.5714285714285714,1.542172956266865e-81,0.34285714285714286
145,83877.0,1.0222737399496265e-81,0.1893939393939394,1.0222737399496265e-81,0.8106060606060606
146,83878.0,6.747006683667535e-82,0.0375,0.0875,0.875
147,83879.0,0.11834319526627218,0.11834319526627218,0.01775147928994083,0.7455621301775147
148,83880.0,0.16260162601626016,0.10569105691056911,0.08130081300813008,0.6504065040650406
149,83881.0,0.078125,0.078125,0.0234375,0.8203125
150,83882.0,0.25,0.25,1.349402686136193e-85,0.5
151,83883.0,1.582875468309099e-81,0.05865102639296188,1.582875468309099e-81,0.9413489736070382
152,83884.0,6.30561372305377e-82,0.25,6.30561372305377e-82,0.75
153,83885.0,7.710864781334326e-82,0.14285714285714285,7.710864781334326e-82,0.8571428571428571
154,83886.0,1.2851441302223877e-81,0.47619047619047616,1.2851441302223877e-81,0.5238095238095237
155,83887.0,5.394104573066109e-85,9.993514209278178e-05,0.9993504215763969,0.0005496432815102998
156,83888.0,1.542172956266865e-81,0.05714285714285714,1.542172956266865e-81,0.9428571428571428
157,83889.0,0.14285714285714285,0.2857142857142857,3.855432390667163e-82,0.5714285714285714
158,83890.0,6.747006683667535e-82,6.747006683667535e-82,6.747006683667535e-82,1.0
159,83891.0,2.398935709748457e-81,0.1111111111111111,2.398935709748457e-81,0.8888888888888888
160,83892.0,1.349401336733507e-81,0.125,1.349401336733507e-81,0.875
161,83893.0,0.5,2.698805372272386e-85,2.698805372272386e-85,0.5
162,83894.0,8.705815075700045e-82,0.11290322580645161,0.08064516129032258,0.8064516129032259
163,83895.0,0.25,0.25,0.25,0.25
164,83896.0,5.997339274371142e-82,0.2222222222222222,5.997339274371142e-82,0.7777777777777778
165,83897.0,0.17276422764227642,0.16260162601626016,0.06097560975609756,0.6036585365853658
166,83898.0,0.10714285714285714,0.2857142857142857,0.07142857142857142,0.5357142857142857
167,83899.0,2.3467849334495774e-81,0.2608695652173913,2.3467849334495774e-81,0.7391304347826086
168,83900.0,0.12448132780082988,0.016597510373443983,2.239670268437356e-81,0.8589211618257261
169,83901.0,0.1282051282051282,0.07692307692307693,0.0641025641025641,0.7307692307692307
170,83902.0,3.9982261829140945e-82,0.4444444444444444,3.9982261829140945e-82,0.5555555555555556
171,83903.0,5.39491328520471e-85,0.9995002493755616,5.39491328520471e-85,0.0004997506244384053
172,83904.0,0.9993853773782897,1.4990795651469998e-05,5.394293250877989e-85,0.0005996318260587999
173,83905.0,2.5532664838855383e-82,0.0946073793755913,0.0946073793755913,0.8107852412488175
174,83906.0,1.3261929599346506e-81,0.12285012285012285,1.3261929599346506e-81,0.8771498771498771
175,83907.0,8.705815075700045e-82,0.3225806451612903,0.16129032258064516,0.5161290322580645
176,83908.0,2.116707979189815e-81,0.06274509803921569,2.116707979189815e-81,0.9372549019607843
177,83909.0,0.2,0.2,0.2,0.4
178,83910.0,0.18181818181818182,0.18181818181818182,9.813827903516414e-82,0.6363636363636364
179,83911.0,0.07692307692307693,0.15384615384615385,8.304008226052351e-82,0.7692307692307693
180,83912.0,7.000785145180321e-82,7.000785145180321e-82,7.000785145180321e-82,1.0
181,83913.0,6.582445545041497e-82,0.06097560975609756,0.08536585365853659,0.8536585365853658
182,83914.0,8.996008911556714e-82,0.16666666666666666,8.996008911556714e-82,0.8333333333333333
183,83915.0,0.06687898089171974,0.34076433121019106,8.594912972824886e-82,0.5923566878980892
184,83916.0,4.7766418999416175e-82,0.35398230088495575,0.02654867256637168,0.6194690265486726
185,83917.0,5.395991945342371e-85,0.9997000896731877,5.395991945342371e-85,0.00029991032681228315
186,83918.0,6.204144076935664e-82,0.1839080459770115,0.06896551724137931,0.7471264367816092
187,83919.0,8.056127383483624e-82,0.1791044776119403,0.07462686567164178,0.7462686567164178
188,83920.0,0.06948968512486428,2.9302960623963236e-82,2.9302960623963236e-82,0.9305103148751357
189,83921.0,5.681689838877924e-82,0.3157894736842105,5.681689838877924e-82,0.6842105263157894
190,83922.0,5.397605346934028e-82,0.1,5.397605346934028e-82,0.9
191,83923.0,0.15151515151515152,0.09090909090909091,8.178189919597012e-82,0.7575757575757576
192,83924.0,7.009877073940296e-82,0.11038961038961038,7.009877073940296e-82,0.8896103896103895
193,83925.0,6.755450997414303e-82,0.40175219023779724,6.755450997414303e-82,0.5982478097622028
194,83926.0,0.13161131611316113,0.3161131611316113,6.639120967938534e-82,0.5522755227552275
195,83927.0,1.0795210693868056e-81,0.06,1.0795210693868056e-81,0.9400000000000001
196,83928.0,,,,
197,83929.0,3.437965189129954e-82,0.054140127388535034,0.054140127388535034,0.89171974522293
198,83930.0,1.741163015140009e-81,0.1032258064516129,1.741163015140009e-81,0.896774193548387
199,83931.0,1.4993348185927856e-81,0.2777777777777778,0.05555555555555555,0.6666666666666667
200,83932.0,0.08264462809917356,0.05785123966942149,8.921661730469467e-82,0.859504132231405
201,83933.0,0.1040582726326743,0.15608740894901144,0.04162330905306972,0.6982310093652445
202,83934.0,1.9277161953335813e-81,0.10714285714285714,1.9277161953335813e-81,0.8928571428571429
203,83935.0,4.7264495157040525e-82,0.43782837127845886,4.7264495157040525e-82,0.5621716287215411
204,83936.0,4.996132993063369e-05,0.9992255993860751,7.494199489595054e-05,0.0006494972890982379
205,83937.0,8.304008226052351e-82,0.38461538461538464,8.304008226052351e-82,0.6153846153846154
206,83938.0,1.0222737399496265e-81,0.1893939393939394,1.0222737399496265e-81,0.8106060606060606
207,83939.0,0.02654867256637168,0.13274336283185842,0.13274336283185842,0.7079646017699115
208,83940.0,6.902308627792875e-82,0.07672634271099744,6.902308627792875e-82,0.9232736572890026
209,83941.0,,,,
210,83942.0,0.044967880085653104,0.32119914346895073,0.05353319057815846,0.5802997858672376
211,83943.0,3.855432390667163e-82,0.14285714285714285,3.855432390667163e-82,0.8571428571428571
212,83944.0,2.0368322063901992e-81,2.0368322063901992e-81,0.1509433962264151,0.8490566037735849
213,83945.0,0.04594594594594595,0.16216216216216217,0.05405405405405406,0.7378378378378379
214,83946.0,0.037037037037037035,0.5925925925925926,7.996452365828189e-82,0.37037037037037035
215,83947.0,6.064725108914639e-82,0.39325842696629215,0.0449438202247191,0.5617977528089888
216,83948.0,0.10684474123539232,0.21452420701168615,4.505513645187002e-82,0.6786310517529215
217,83949.0,1.261122744610754e-81,1.261122744610754e-81,1.261122744610754e-81,1.0
218,83950.0,2.3467849334495774e-81,0.782608695652174,2.3467849334495774e-81,0.21739130434782608
219,83951.0,3.998226182914095e-81,3.998226182914095e-81,3.998226182914095e-81,1.0
220,83952.0,2.6827064348578665e-82,0.21272365805168986,0.08499005964214712,0.7022862823061631
221,83953.0,0.0625,0.3125,0.078125,0.546875
222,83954.0,1.4432099858112373e-81,0.13368983957219252,0.06684491978609626,0.7994652406417112
223,83955.0,0.1875,0.125,0.0625,0.625
224,83956.0,0.11643090315560392,0.09249183895538629,0.09249183895538629,0.6985854189336235
225,83957.0,7.710864781334326e-82,0.14285714285714285,7.710864781334326e-82,0.8571428571428572
226,83958.0,0.06791171477079797,0.1697792869269949,0.3633276740237691,0.398981324278438
227,83959.0,5.395182909807525e-85,0.9995502019593203,5.395182909807525e-85,0.0004497980406797348
228,83960.0,0.09090909090909091,0.36363636363636365,4.5859008894936516e-82,0.5454545454545454
229,83961.0,0.09090909090909091,0.18181818181818182,4.906913951758207e-82,0.7272727272727273
230,83962.0,0.07894736842105263,0.13157894736842105,7.102112298597405e-82,0.7894736842105263
231,83963.0,0.17038216560509553,8.594912972824886e-82,8.594912972824886e-82,0.8296178343949046
232,83964.0,8.996008911556714e-82,0.16666666666666666,8.996008911556714e-82,0.8333333333333334
233,83965.0,1.9991130914570474e-81,0.18518518518518517,1.9991130914570474e-81,0.8148148148148148
234,83966.0,0.2,0.2,0.2,0.4
235,83967.0,0.01721170395869191,0.3683304647160069,0.18416523235800344,0.43029259896729777
236,83968.0,6.934435815721723e-85,0.9992291653016468,6.934435815721723e-85,0.0007708346983531116
237,83969.0,1.349401336733507e-81,0.125,1.349401336733507e-81,0.875
238,83970.0,0.13385826771653545,0.07874015748031496,8.500165900683508e-82,0.7874015748031495
239,83971.0,0.15384615384615385,0.07692307692307693,8.304008226052351e-82,0.7692307692307693
240,83972.0,0.11538461538461539,0.19230769230769232,0.07692307692307693,0.6153846153846154
241,83973.0,6.54255193567761e-82,0.15151515151515152,6.54255193567761e-82,0.8484848484848485
242,83974.0,9.553283799883235e-82,0.13274336283185842,0.07079646017699115,0.7964601769911503
243,83975.0,0.07936507936507936,0.15873015873015872,0.15873015873015872,0.6031746031746031
244,83976.0,1.9699289587350466e-81,0.21897810218978103,1.9699289587350466e-81,0.781021897810219
245,83977.0,1.3037694074719874e-81,0.5169082125603864,1.3037694074719874e-81,0.4830917874396135
246,83978.0,2.159042138773611e-81,0.2,2.159042138773611e-81,0.8
247,83979.0,0.00011987425190974668,0.9989511002957897,7.991616793983112e-05,0.0008491092843607056
248,83980.0,0.16,0.12,4.3180842775472225e-82,0.7200000000000001
249,83981.0,0.05357142857142857,0.05357142857142857,0.03571428571428571,0.8571428571428572
250,83982.0,0.11724137931034483,0.11724137931034483,0.11724137931034483,0.6482758620689655
251,83983.0,2.398935709748457e-81,0.3333333333333333,2.398935709748457e-81,0.6666666666666666
252,83984.0,8.304008226052351e-82,0.46153846153846156,8.304008226052351e-82,0.5384615384615385
253,83985.0,1.526903917095906e-82,0.5454031117397454,1.526903917095906e-82,0.4545968882602546
254,83986.0,8.996008911556714e-82,0.16666666666666666,8.996008911556714e-82,0.8333333333333334
255,83987.0,0.06948968512486428,2.9302960623963236e-82,2.9302960623963236e-82,0.9305103148751357
256,83988.0,6.350123937569444e-82,0.23529411764705882,0.17647058823529413,0.5882352941176471
257,83989.0,5.397011675649706e-85,5.397011675649706e-85,5.397011675649706e-85,1.0
258,83990.0,9.638580976667907e-82,9.638580976667907e-82,9.638580976667907e-82,1.0
259,83991.0,1.0222737399496265e-81,0.1893939393939394,1.0222737399496265e-81,0.8106060606060606
260,83992.0,2.044547479899253e-81,0.1893939393939394,2.044547479899253e-81,0.8106060606060606
261,83993.0,8.691796049813249e-82,0.2753623188405797,8.691796049813249e-82,0.7246376811594202
262,83994.0,5.397605346934028e-82,0.4,5.397605346934028e-82,0.6000000000000001
263,83995.0,0.08755129958960328,0.43912448700410395,0.03419972640218878,0.439124487004104
264,83996.0,0.057971014492753624,1.9556541112079811e-81,1.9556541112079811e-81,0.9420289855072465
265,83997.0,5.681689838877924e-82,0.10526315789473684,0.05263157894736842,0.8421052631578947
266,83998.0,9.831703728477282e-82,0.38979963570127507,9.831703728477282e-82,0.6102003642987249
267,83999.0,1.0795210693868056e-81,1.0795210693868056e-81,1.0795210693868056e-81,1.0
268,84000.0,5.82265948968072e-82,0.4617044228694714,0.13807982740021574,0.4002157497303128
269,84001.0,0.11363636363636363,0.09090909090909091,1.2267284879395517e-81,0.7954545454545454
270,84002.0,1.542172956266865e-81,0.14285714285714285,1.542172956266865e-81,0.8571428571428571
271,84003.0,0.061946902654867256,0.08849557522123894,0.05309734513274336,0.7964601769911503
272,84004.0,7.937654921961806e-82,0.22058823529411764,7.937654921961806e-82,0.7794117647058824
273,84005.0,1.0688327419671342e-81,0.2376237623762376,0.13861386138613863,0.6237623762376238
274,84006.0,0.030303030303030304,0.40404040404040403,0.20202020202020202,0.36363636363636365
275,84007.0,0.28735632183908044,0.08045977011494253,0.022988505747126436,0.6091954022988505
276,84008.0,3.1509663438027017e-82,0.12492702860478692,3.1509663438027017e-82,0.8750729713952131
277,84009.0,0.06060606060606061,0.24242424242424243,0.09090909090909091,0.6060606060606061
278,84010.0,0.13934426229508196,0.03278688524590164,0.03278688524590164,0.7950819672131146
279,84011.0,1.0795210693868056e-81,0.2,1.0795210693868056e-81,0.8
280,84012.0,4.01308947727437e-82,0.04460966542750929,4.01308947727437e-82,0.9553903345724907
281,84013.0,5.021028229706073e-82,0.06976744186046512,5.021028229706073e-82,0.9302325581395349
282,84014.0,6.30561372305377e-82,6.30561372305377e-82,6.30561372305377e-82,1.0
283,84015.0,,,,
284,84016.0,5.397605346934028e-82,0.3,0.1,0.6
285,84017.0,,,,
286,84018.0,7.19680712924537e-82,0.5333333333333333,0.06666666666666667,0.4
287,84019.0,9.813827903516414e-82,9.813827903516414e-82,0.09090909090909091,0.9090909090909092
288,84020.0,6.350123937569444e-82,0.23529411764705882,0.058823529411764705,0.7058823529411765
289,84021.0,4.693569866899155e-82,0.17391304347826086,4.693569866899155e-82,0.8260869565217391
290,84022.0,0.04807692307692308,0.38461538461538464,0.07692307692307693,0.4903846153846154
291,84023.0,1.2700247875138888e-81,0.23529411764705882,0.07058823529411765,0.6941176470588235
292,84024.0,0.11764705882352941,0.058823529411764705,0.11764705882352941,0.7058823529411765
293,84025.0,5.803876717133363e-82,0.3010752688172043,5.803876717133363e-82,0.6989247311827957
294,84026.0,8.056127383483624e-82,0.04477611940298507,0.029850746268656716,0.9253731343283582
295,84027.0,5.77283994324495e-82,0.16042780748663102,0.09090909090909091,0.7486631016042781
296,84028.0,3.3463145362269235e-82,0.39801611903285805,0.1060136391816491,0.49597024178549287
297,84029.0,,,,
298,84030.0,3.3154823998366264e-82,3.3154823998366264e-82,3.3154823998366264e-82,1.0
299,84031.0,,,,
300,84032.0,0.3333333333333333,0.3333333333333333,1.7992035815149242e-85,0.3333333333333333
301,84033.0,0.13157894736842105,0.21929824561403508,0.07017543859649122,0.5789473684210527
302,84034.0,6.350123937569444e-82,0.11764705882352941,0.058823529411764705,0.8235294117647058
303,84035.0,9.306216115403496e-82,0.13793103448275862,9.306216115403496e-82,0.8620689655172413
304,84036.0,1.18628688943605e-81,0.21978021978021978,1.18628688943605e-81,0.7802197802197802
305,84037.0,4.693569866899155e-82,0.34782608695652173,4.693569866899155e-82,0.6521739130434783
306,84038.0,0.1,0.3,1.0795210693868056e-81,0.6
307,84039.0,6.004010397034514e-82,0.28587319243604004,0.19021134593993325,0.5239154616240267
308,84040.0,5.640130979032423e-82,0.1044932079414838,5.640130979032423e-82,0.8955067920585162
309,84041.0,0.08992805755395683,0.2697841726618705,0.0539568345323741,0.5863309352517986
310,84042.0,0.14204545454545456,0.14772727272727273,1.0222737399496265e-81,0.7102272727272727
311,84043.0,0.047619047619047616,6.425720651111939e-82,6.425720651111939e-82,0.9523809523809523
312,84044.0,7.688896505604029e-82,7.688896505604029e-82,0.08547008547008547,0.9145299145299145
313,84045.0,5.622505569722946e-82,5.622505569722946e-82,0.0625,0.9375
314,84046.0,0.058823529411764705,0.35294117647058826,6.350123937569444e-82,0.5882352941176471
315,84047.0,0.07692307692307693,0.5128205128205128,2.76800274201745e-82,0.41025641025641024
316,84048.0,3.828088898534772e-82,0.24822695035460993,0.0425531914893617,0.7092198581560284
317,84049.0,,,,
318,84050.0,0.9999100080092872,1.99982201584059e-05,5.397125002808778e-85,6.999377055442065e-05
319,84051.0,7.710864781334326e-82,0.2857142857142857,7.710864781334326e-82,0.7142857142857143
320,84052.0,0.11507479861910241,0.24626006904487918,0.005753739930955121,0.6329113924050633
321,84053.0,2.378847662817994e-82,0.1507271925958572,2.378847662817994e-82,0.8492728074041427
322,84054.0,3.936984206370553e-82,0.62509117432531,3.936984206370553e-82,0.37490882567468997
323,84055.0,1.1015521116191895e-81,0.24489795918367346,0.12244897959183673,0.6326530612244898
324,84056.0,1.255257057426518e-81,0.3023255813953488,1.255257057426518e-81,0.6976744186046512
325,84057.0,6.350123937569444e-82,0.11764705882352941,0.058823529411764705,0.8235294117647058
326,84058.0,0.1281437125748503,0.17964071856287425,0.05089820359281437,0.641317365269461
327,84059.0,5.1405765208895504e-82,0.09523809523809523,0.09523809523809523,0.8095238095238095
328,84060.0,1.0795210693868056e-81,0.1,1.0795210693868056e-81,0.9
329,84061.0,0.1724137931034483,0.25862068965517243,0.02586206896551724,0.5431034482758621
330,84062.0,6.747006683667535e-82,6.747006683667535e-82,6.747006683667535e-82,1.0
331,84063.0,0.2,0.1,5.397605346934028e-82,0.7
332,84064.0,5.2201212252746885e-82,0.20696324951644102,0.019342359767891684,0.7736943907156673
333,84065.0,0.2702702702702703,0.13513513513513514,0.05405405405405406,0.5405405405405406
334,84066.0,2.4534569758791036e-82,0.36363636363636365,0.09090909090909091,0.5454545454545454
335,84067.0,0.07692307692307693,0.3076923076923077,8.304008226052351e-82,0.6153846153846154
336,84068.0,1.255257057426518e-81,0.3488372093023256,0.18604651162790697,0.46511627906976744
337,84069.0,1.0795210693868056e-81,1.0795210693868056e-81,1.0795210693868056e-81,1.0
338,84070.0,0.17775467775467776,0.010395010395010396,0.05197505197505198,0.75987525987526
339,84071.0,0.08713355048859935,0.04071661237785016,2.1977220467972427e-82,0.8721498371335505
340,84072.0,5.1405765208895504e-82,0.2857142857142857,0.047619047619047616,0.6666666666666666
341,84073.0,6.27628528713259e-82,0.23255813953488372,0.06976744186046512,0.6976744186046512
342,84074.0,6.147614290357662e-82,0.2437357630979499,6.147614290357662e-82,0.7562642369020501
343,84075.0,0.1262135922330097,0.12944983818770225,0.06472491909385113,0.6796116504854368
344,84076.0,5.397605346934028e-82,0.15,0.15,0.7
345,84077.0,8.433758354584419e-82,0.375,8.433758354584419e-82,0.625
346,84078.0,0.14492753623188406,0.08695652173913043,0.043478260869565216,0.7246376811594203
347,84079.0,1.6356379839194024e-81,0.09090909090909091,1.6356379839194024e-81,0.9090909090909091
348,84080.0,0.14780600461893764,0.4942263279445728,0.06928406466512702,0.28868360277136257
349,84081.0,0.016849199663016005,0.13226621735467564,4.5472665096327107e-82,0.8508845829823084
350,84082.0,8.996008911556714e-82,0.5,8.996008911556714e-82,0.5
351,84083.0,4.906913951758207e-82,0.09090909090909091,0.09090909090909091,0.8181818181818182
352,84084.0,0.15151515151515152,0.09090909090909091,8.178189919597012e-82,0.7575757575757576
353,84085.0,7.710864781334326e-82,7.710864781334326e-82,7.710864781334326e-82,1.0
354,84086.0,0.125,0.125,6.747006683667535e-82,0.75
355,84087.0,5.681689838877924e-82,0.21052631578947367,0.05263157894736842,0.7368421052631579
356,84088.0,3.598403564622685e-82,0.13333333333333333,0.06666666666666667,0.7999999999999999
357,84089.0,1.805219179576598e-81,1.805219179576598e-81,1.805219179576598e-81,1.0
358,84090.0,1.349401336733507e-81,0.25,1.349401336733507e-81,0.75
359,84091.0,0.04798464491362764,0.4107485604606526,0.061420345489443376,0.4798464491362764
360,84092.0,8.996008911556714e-82,0.3333333333333333,8.996008911556714e-82,0.6666666666666666
361,84093.0,0.15447991761071062,0.10298661174047374,0.05149330587023687,0.6910401647785788
362,84094.0,0.11299435028248588,0.20903954802259886,6.098989092580823e-82,0.6779661016949152
363,84095.0,1.542172956266865e-81,0.42857142857142855,1.542172956266865e-81,0.5714285714285714
364,84096.0,0.18518518518518517,0.046296296296296294,0.027777777777777776,0.7407407407407407
365,84097.0,0.0749063670411985,0.26217228464419473,0.026217228464419477,0.6367041198501873
366,84098.0,2.632978218016599e-82,0.1951219512195122,0.07317073170731707,0.7317073170731707
367,84099.0,0.04504504504504504,0.18018018018018017,9.725415039520771e-82,0.7747747747747747
368,84100.0,6.133642439697759e-82,0.11363636363636363,6.133642439697759e-82,0.8863636363636364
369,84101.0,0.0625,0.1875,6.747006683667535e-82,0.75
370,84102.0,6.051127070553843e-82,6.051127070553843e-82,0.3116591928251121,0.6883408071748879
371,84103.0,1.1994678548742284e-81,0.4444444444444444,0.1111111111111111,0.4444444444444444
372,84104.0,4.420643199782169e-82,0.2457002457002457,0.14004914004914004,0.6142506142506142
373,84105.0,0.0594059405940594,0.19801980198019803,0.04950495049504951,0.693069306930693
374,84106.0,4.498004455778357e-82,0.16666666666666666,4.498004455778357e-82,0.8333333333333334
375,84107.0,0.24998750061247,0.24998750061247,0.24998750061247,0.25003749816259
376,84108.0,0.08086253369272237,0.05390835579514825,0.05660377358490566,0.8086253369272237
377,84109.0,0.037037037037037035,0.2222222222222222,7.996452365828189e-82,0.7407407407407407
378,84110.0,0.22478991596638656,0.0700280112044818,1.8899178385623347e-82,0.7051820728291316
379,84111.0,,,,
380,84112.0,1.1484266695604315e-81,0.0425531914893617,0.10638297872340426,0.851063829787234
381,84113.0,2.423711426553223e-82,0.1347103726986978,2.423711426553223e-82,0.8652896273013022
382,84114.0,3.998226182914095e-81,0.2222222222222222,3.998226182914095e-81,0.7777777777777777
383,84115.0,1.0795210693868056e-81,0.2,1.0795210693868056e-81,0.8
384,84116.0,7.414293058975314e-82,0.17582417582417584,0.06868131868131869,0.7554945054945055
385,84117.0,1.0380010282565439e-81,0.19230769230769232,0.038461538461538464,0.7692307692307693
386,84118.0,5.395765390935719e-85,5.395765390935719e-85,5.395765390935719e-85,1.0
387,84119.0,,,,
388,84120.0,0.0744047619047619,0.01488095238095238,8.032150813889922e-82,0.9107142857142858
389,84121.0,6.27628528713259e-82,0.23255813953488372,0.06976744186046512,0.6976744186046512
390,84122.0,0.4998198147765878,0.00016044232098560567,2.697832802574488e-85,0.5000197429024266
391,84123.0,0.03856749311294766,0.5114784205693297,0.03673094582185491,0.4132231404958678
392,84124.0,3.696989963653444e-82,0.136986301369863,0.0410958904109589,0.821917808219178
393,84125.0,0.08536585365853659,0.24390243902439024,0.06097560975609756,0.6097560975609756
394,84126.0,6.168691825067461e-82,0.08571428571428572,6.168691825067461e-82,0.9142857142857144
395,84127.0,6.27628528713259e-82,0.23255813953488372,0.06976744186046512,0.6976744186046512
396,84128.0,0.10256410256410256,0.2564102564102564,1.384001371008725e-81,0.641025641025641
397,84129.0,2.698802673467014e-81,2.698802673467014e-81,2.698802673467014e-81,1.0
398,84130.0,4.7639941279205897e-82,0.8826125330979699,0.0264783759929391,0.09090909090909091
399,84131.0,6.663710304856824e-82,0.09876543209876543,0.037037037037037035,0.8641975308641975
400,84132.0,7.19680712924537e-82,7.19680712924537e-82,7.19680712924537e-82,1.0
401,84133.0,0.11320754716981132,0.37735849056603776,1.0184161031950996e-81,0.5094339622641509
402,84134.0,0.07142857142857142,0.08928571428571429,0.05357142857142857,0.7857142857142857
403,84135.0,0.14285714285714285,0.047619047619047616,0.047619047619047616,0.7619047619047619
404,84136.0,0.08333333333333333,0.16666666666666666,8.996008911556714e-82,0.75
405,84137.0,1.1994678548742284e-81,0.1111111111111111,1.1994678548742284e-81,0.8888888888888888
406,84138.0,0.065439672801636,0.2847648261758691,2.759511936060342e-82,0.6497955010224948
407,84139.0,0.3333333333333333,0.05555555555555555,1.1994678548742284e-81,0.6111111111111112
408,84140.0,0.04878048780487805,0.14634146341463414,0.07317073170731707,0.7317073170731707
409,84141.0,0.04285714285714286,0.34285714285714286,0.11428571428571428,0.5
410,84142.0,5.997339274371142e-82,0.2222222222222222,5.997339274371142e-82,0.7777777777777777
411,84143.0,3.5984035646226855e-81,0.2,3.5984035646226855e-81,0.8
412,84144.0,1.2351499649734618e-81,0.13729977116704806,1.2351499649734618e-81,0.8627002288329519
413,84145.0,0.06993006993006994,0.13986013986013987,0.02097902097902098,0.7692307692307693
414,84146.0,1.665927576214206e-81,0.15432098765432098,0.09259259259259259,0.7530864197530864
415,84147.0,0.49995000494951,2.698535518450687e-85,2.4997525245000744e-05,0.500024997525245
416,84148.0,5.392891959361545e-85,0.9991257640821921,7.493450724067165e-05,0.0007993014105671643
417,84149.0,0.018867924528301886,0.1320754716981132,0.05660377358490566,0.7924528301886793
418,84150.0,9.638580976667907e-82,9.638580976667907e-82,9.638580976667907e-82,1.0
419,84151.0,0.005780346820809248,0.9710982658959537,6.240006181426622e-83,0.023121387283236993
420,84152.0,8.407484964071694e-82,8.407484964071694e-82,8.407484964071694e-82,1.0
421,84153.0,4.200471087108193e-82,0.3330739299610895,4.200471087108193e-82,0.6669260700389105
422,84154.0,0.14492753623188406,0.08695652173913043,0.043478260869565216,0.7246376811594203
423,84155.0,9.9586814519078e-82,0.6309963099630996,9.9586814519078e-82,0.36900369003690037
424,84156.0,7.496674092963928e-82,0.027777777777777776,7.496674092963928e-82,0.9722222222222222
425,84157.0,0.33332777786481343,1.6666405559646233e-05,1.7991735952583502e-85,0.6666555557296269
426,84158.0,6.747006683667535e-82,0.125,0.125,0.75
427,84159.0,2.0368322063901992e-81,0.1509433962264151,2.0368322063901992e-81,0.8490566037735849
428,84160.0,0.19651056014692378,0.0780532598714417,0.03673094582185491,0.6887052341597796
429,84161.0,1.1994678548742284e-81,0.05555555555555555,0.05555555555555555,0.8888888888888888
430,84162.0,5.044490978443017e-82,0.24018691588785046,0.15981308411214953,0.6000000000000001
431,84163.0,3.939857917470093e-82,0.08759124087591241,3.939857917470093e-82,0.9124087591240876
432,84164.0,0.08130081300813008,0.4065040650406504,0.024390243902439025,0.4878048780487805
433,84165.0,4.693569866899155e-82,0.13043478260869565,4.693569866899155e-82,0.8695652173913043
434,84166.0,0.05793742757821553,0.1981460023174971,6.254467377675583e-82,0.7439165701042874
435,84167.0,5.899022237086369e-82,0.0546448087431694,5.899022237086369e-82,0.9453551912568305
436,84168.0,8.996008911556714e-82,8.996008911556714e-82,8.996008911556714e-82,1.0
437,84169.0,1.6356379839194024e-81,0.09090909090909091,1.6356379839194024e-81,0.9090909090909091
438,84170.0,0.07692307692307693,0.19230769230769232,0.038461538461538464,0.6923076923076923
439,84171.0,7.19680712924537e-82,0.2,7.19680712924537e-82,0.8
440,84172.0,0.08561643835616438,0.3664383561643836,0.03424657534246575,0.5136986301369862
441,84173.0,0.058343057176196034,0.2998833138856476,6.298255947414268e-82,0.6417736289381564
442,84174.0,0.09941520467836257,0.30058479532163745,6.31298870986436e-82,0.6000000000000001
443,84175.0,0.0574052812858783,0.3685419058553387,0.1148105625717566,0.45924225028702637
444,84176.0,4.177713116822003e-82,0.4969040247678019,4.177713116822003e-82,0.5030959752321982
445,84177.0,0.17857142857142858,1.9277161953335813e-81,0.10714285714285714,0.7142857142857143
446,84178.0,8.128923715262091e-82,0.677710843373494,8.128923715262091e-82,0.32228915662650603
447,84179.0,4.1520041130261753e-82,0.15384615384615385,0.07692307692307693,0.7692307692307692
448,84180.0,0.17388362652232747,0.07239512855209743,0.07239512855209743,0.6813261163734777
449,84181.0,1.0583539895949074e-81,0.19607843137254902,1.0583539895949074e-81,0.803921568627451
450,84182.0,8.994252672542246e-05,0.0001998722816120499,4.9968070403012474e-05,0.9996602171212595
451,84183.0,4.693569866899155e-82,0.08695652173913043,4.693569866899155e-82,0.9130434782608695
452,84184.0,0.05263157894736842,0.21052631578947367,2.840844919438962e-81,0.7368421052631579
453,84185.0,7.656177797069544e-82,0.2425531914893617,0.12056737588652482,0.6368794326241134
454,84186.0,8.996008911556714e-82,0.16666666666666666,8.996008911556714e-82,0.8333333333333333
455,84187.0,5.392891959361545e-85,0.9991257640821921,7.493450724067165e-05,0.0007993014105671643
456,84188.0,0.09090909090909091,0.18181818181818182,1.9627655807032829e-81,0.7272727272727273
457,84189.0,0.04411764705882353,0.14705882352941177,0.07352941176470588,0.7352941176470589
458,84190.0,4.498004455778357e-82,0.16666666666666666,4.498004455778357e-82,0.8333333333333333
459,84191.0,6.105888401509082e-82,0.05656108597285068,6.105888401509082e-82,0.9434389140271493
460,84192.0,1.349401336733507e-81,0.2,1.349401336733507e-81,0.8
461,84193.0,7.570273978869604e-82,0.3899018232819074,7.570273978869604e-82,0.6100981767180925
